,-695,-159
,-159
,267,-712
,267
,422,869
,869
,-462,824
,824
,-253,-857
,-253
,-502,-138
,-138
,838,901
,901
,-728,-593
,-593
,-141,267
,267
,-883,-831
,-831
,-195,-443
,-195
,-768,332
,332
,993,234
,993
,-928,965
,965
,580,-31
,580
,-415,542
,542
,659,15
,659
,-654,-324
,-324
,-563,270
,270
,-784,912
,912
,966,-931
,966
,950,571
,950
,679,363
,679
,-270,-322
,-270
,367,-883
,367
,-975,240
,240
,782,710
,782
,-782,660
,660
,-345,-185
,-185
,239,999
,999
,365,-418
,365
,-836,-399
,-399
,631,634
,634
,-375,-234
,-234
,796,896
,896
,252,-239
,252
,-881,575
,575
,-909,500
,500
,747,-107
,747
,-531,947
,947
,984,916
,984
,177,177
,177
,-758,180
,180
,830,-747
,830
,38,323
,323
,-353,115
,115
,-726,498
,498
,-253,-28
,-28
,-709,633
,633
,870,-915
,870
,-821,-749
,-749
,341,993
,993
,361,-728
,361
,315,-262
,315
,-687,-925
,-687
,-818,947
,947
,-7,-118
,-7
,-670,435
,435
,632,977
,977
,-316,482
,482
,-802,-671
,-671
,797,-132
,797
,677,-203
,677
,931,-943
,931
,-618,-332
,-332
,-838,-771
,-771
,714,-672
,714
,265,876
,876
,183,755
,755
,135,-813
,135
,817,-338
,817
,-633,-503
,-503
,856,-237
,856
,-672,908
,908
,-685,111
,111
,-128,862
,862
,-377,-262
,-262
,160,970
,970
,287,-544
,287
,-728,-455
,-455
,508,-44
,508
,648,768
,768
,387,-282
,387
,461,494
,494
,-867,-934
,-867
,620,-781
,620
,306,-306
,306
,-970,-691
,-691
,791,-705
,791
,283,996
,996
,-355,-412
,-355
,-157,-208
,-157
,894,-697
,894
,491,430
,491
,578,-488
,578
,-146,-193
,-146
,-801,193
,193
,-113,882
,882
,55,-720
,55
,573,697
,697
,-426,-869
,-426
,739,733
,739
,242,-701
,242
,-647,721
,721
,-74,456
,456
,-245,199
,199
,546,-704
,546
,458,-494
,458
,-563,236
,236
,902,-403
,902
,243,-119
,243
,-305,-120
,-120
,-475,359
,359
,-9,-694
,-9
,-880,-985
,-880
,611,-757
,611
,-588,-414
,-414
,-712,850
,850
,174,581
,581
,305,-710
,305
,-939,-343
,-343
,-626,518
,518
,511,805
,805
,-977,-726
,-726
,-446,-294
,-294
,697,603
,697
,-851,-938
,-851
,129,-222
,129
,888,-450
,888
,45,977
,977
,388,875
,875
,469,562
,562
,617,-395
,617
,893,-824
,893
,526,948
,948
,488,-837
,488
,345,377
,377
,-137,322
,322
,36,-918
,36
,-361,-484
,-361
,938,358
,938
,-486,183
,183
,658,286
,658
,917,-89
,917
,524,373
,524
,820,-72
,820
,-473,-519
,-473
,-410,430
,430
,-957,-667
,-667
,89,-45
,89
,153,963
,963
,466,257
,466
,599,210
,599
,-241,519
,519
,-304,-790
,-304
,159,-609
,159
,917,-291
,917
,-394,-551
,-394
,-777,103
,103
,-414,-186
,-186
,-423,625
,625
,-615,742
,742
,-5,665
,665
,-848,667
,667
,647,648
,648
,410,328
,410
,429,240
,429
,-299,-321
,-299
,-312,-534
,-312
,898,29
,898
,949,-40
,949
,747,196
,747
,-458,127
,127
,-597,284
,284
,-627,938
,938
,464,-18
,464
,-654,811
,811
,763,-531
,763
,-544,-930
,-544
,-839,335
,335
,129,952
,952
,652,875
,875
,592,-467
,592
,-458,-817
,-458
,-546,-734
,-546
,-749,-865
,-749
,300,-205
,300
,-436,520
,520
,-364,148
,148
,-412,143
,143
,-264,-733
,-264
,145,-608
,145
,-724,-998
,-724
,-542,118
,118
,-93,782
,782
,-793,706
,706
,623,846
,846
,-283,-129
,-129
,-589,-72
,-72
,790,597
,790
,-582,-481
,-481
,258,183
,258
,763,889
,889
,973,-285
,973
,-43,-521
,-43
,96,821
,821
,696,55
,696
,595,-458
,595
,152,-896
,152
,760,602
,760
,534,526
,534
,-385,271
,271
,905,741
,905
,-677,-617
,-617
,797,497
,797
,938,341
,938
,-640,42
,42
,723,-779
,723
,-91,-137
,-91
,691,-239
,691
,-115,-147
,-115
,365,-848
,365
,-358,686
,686
,572,-292
,572
,995,-430
,995
,878,498
,878
,-915,416
,416
,-131,915
,915
,231,-779
,231
,259,182
,259
,901,-37
,901
,32,-763
,32
,-41,-576
,-41
,995,78
,995
,306,232
,306
,-453,-272
,-272
,-866,-350
,-350
,-568,32
,32
,314,572
,572
,726,-656
,726
,72,900
,900
,-606,-441
,-441
,194,935
,935
,117,-65
,117
,148,752
,752
,-996,144
,144
,-138,-911
,-138
,712,-405
,712
,-708,100
,100
,-827,718
,718
,577,-88
,577
,-753,911
,911
,982,142
,982
,-524,-657
,-524
,-246,321
,321
,764,314
,764
,431,532
,532
,-298,165
,165
,525,702
,702
,157,410
,410
,979,639
,979
,64,622
,622
,-10,929
,929
,-491,-507
,-491
,-630,-601
,-601
,-436,625
,625
,-144,-258
,-144
,-539,819
,819
,122,888
,888
,519,-995
,519
,-401,-430
,-401
,752,749
,752
,426,-625
,426
,483,-178
,483
,631,71
,631
,-369,555
,555
,-62,472
,472
,591,-966
,591
,837,-873
,837
,561,914
,914
,-1,656
,656
,-602,-235
,-235
,819,-493
,819
,-393,759
,759
,-419,-139
,-139
,-830,-520
,-520
,-592,-531
,-531
,-296,-960
,-296
,633,-848
,633
,943,684
,943
,465,-577
,465
,-970,-465
,-465
,-507,-373
,-373
,348,656
,656
,-885,38
,38
,-377,393
,393
,901,-285
,901
,654,362
,654
,525,867
,867
,482,-487
,482
,755,18
,755
,460,-264
,460
,-411,-263
,-263
,720,894
,894
,-927,337
,337
,-902,89
,89
,590,-894
,590
,-874,-517
,-517
,82,-63
,82
,-903,-360
,-360
,-222,-332
,-222
,532,84
,532
,-109,839
,839
,346,-712
,346
,506,623
,623
,550,-545
,550
,-726,570
,570
,436,586
,586
,-196,-543
,-196
,-66,-140
,-66
,-937,-316
,-316
,245,404
,404
,-309,-225
,-225
,730,-237
,730
,-475,362
,362
,-274,-645
,-274
,328,749
,749
,-197,908
,908
,1000,551
,1000
,-220,-40
,-40
,635,-369
,635
,320,920
,920
,-285,989
,989
,182,-564
,182
,636,-628
,636
,986,-596
,986
,-807,-253
,-253
,-251,563
,563
,-303,-746
,-303
,-934,642
,642
,-548,-976
,-548
,-370,-225
,-225
,429,-671
,429
,-453,31
,31
,-151,-989
,-151
,279,-245
,279
,-806,-601
,-601
,774,475
,774
,650,-392
,650
,-498,-308
,-308
,-761,552
,552
,-837,-873
,-837
,-983,-101
,-101
,446,-48
,446
,220,8
,220
,-793,-760
,-760
,-212,856
,856
,-35,316
,316
,277,314
,314
,-56,449
,449
,119,-398
,119
,-850,96
,96
,726,-304
,726
,-389,768
,768
,818,-315
,818
,793,-51
,793
,896,-174
,896
,-554,-382
,-382
,-198,501
,501
,283,-949
,283
,811,-458
,811
,-583,747
,747
,935,808
,935
,-632,214
,214
,337,-124
,337
,-367,-624
,-367
,107,-972
,107
,724,-302
,724
,101,745
,745
,-435,-592
,-435
,806,-494
,806
,312,456
,456
,-188,-716
,-188
,428,604
,604
,809,27
,809
,-416,-222
,-222
,709,13
,709
,-772,-116
,-116
,-399,-830
,-399
,378,-549
,378
,912,903
,912
,-207,-329
,-207
,885,-718
,885
,78,557
,557
,817,-492
,817
,861,-814
,861
,-934,140
,140
,-138,385
,385
,-621,-8
,-8
,-929,562
,562
,429,914
,914
,287,56
,287
,563,710
,710
,-259,815
,815
,221,-520
,221
,979,-678
,979
,951,918
,951
,862,551
,862
,-119,387
,387
,481,924
,924
,-472,-845
,-472
,-729,963
,963
,-114,-283
,-114
,972,-409
,972
,130,-87
,130
,904,108
,904
,593,713
,713
,-64,297
,297
,738,74
,738
,-341,961
,961
,21,-819
,21
,-408,562
,562
,296,-743
,296
,-842,-288
,-288
,450,-606
,450
,-646,-924
,-646
,-468,-584
,-468
,-726,-200
,-200
,-511,-862
,-511
,-132,-839
,-132
,-707,137
,137
,15,-748
,15
,-18,-408
,-18
,601,982
,982
,88,799
,799
,-320,-259
,-259
,-410,12
,12
,158,602
,602
,-203,-628
,-203
,-730,580
,580
,-20,-43
,-20
,853,441
,853
,-708,-580
,-580
,-546,-848
,-546
,-50,-344
,-50
,845,512
,845
,-719,-344
,-344
,-606,292
,292
,-323,977
,977
,594,-495
,594
,899,960
,960
,773,584
,773
,-455,416
,416
,-82,-761
,-82
,-670,975
,975
,-349,750
,750
,-195,-744
,-195
,-111,289
,289
,744,248
,744
,7,791
,791
,626,421
,626
,75,-985
,75
,-74,-591
,-74
,-887,-476
,-476
,-124,-144
,-124
,29,-229
,29
,-182,-322
,-182
,946,20
,946
,-652,543
,543
,-313,258
,258
,692,91
,692
,413,165
,413
,-66,-564
,-66
,519,-46
,519
,-745,150
,150
,-735,655
,655
,257,-66
,257
,676,115
,676
,491,826
,826
,-896,408
,408
,-779,300
,300
,-399,-475
,-399
,93,-616
,93
,-761,377
,377
,988,401
,988
,264,-998
,264
,846,699
,846
,-806,-520
,-520
,-725,-636
,-636
,-423,165
,165
,-840,-417
,-417
,-307,696
,696
,413,-73
,413
,-321,969
,969
,-473,719
,719
,177,-338
,177
,48,588
,588
,422,140
,422
,48,859
,859
