,-191,-61
,-191
,32,856
,32
,12,-289
,-289
,207,926
,207
,-313,55
,-313
,-279,285
,-279
,59,-80
,-80
,33,773
,33
,-632,-851
,-851
,803,515
,515
,-268,776
,-268
,801,-214
,-214
,615,-878
,-878
,757,-232
,-232
,-710,-237
,-710
,669,200
,200
,-237,-165
,-237
,-66,-288
,-288
,229,-170
,-170
,-73,-335
,-335
,736,-172
,-172
,-447,993
,-447
,-539,777
,-539
,687,286
,286
,275,-913
,-913
,-566,-380
,-566
,-592,683
,-592
,323,318
,318
,-141,-98
,-141
,-519,-399
,-519
,388,-311
,-311
,519,503
,503
,-933,257
,-933
,531,175
,175
,-573,306
,-573
,820,508
,508
,-462,-614
,-614
,-201,733
,-201
,-126,353
,-126
,-48,155
,-48
,-582,-251
,-582
,-565,-216
,-565
,805,-994
,-994
,409,-930
,-930
,-626,-80
,-626
,616,-950
,-950
,328,-411
,-411
,-434,-489
,-489
,226,-711
,-711
,621,-473
,-473
,568,188
,188
,-448,514
,-448
,-573,-893
,-893
,781,-190
,-190
,555,460
,460
,725,-421
,-421
,560,-949
,-949
,-947,8
,-947
,304,-406
,-406
,-815,292
,-815
,-981,-953
,-981
,730,672
,672
,-421,646
,-421
,213,-682
,-682
,193,725
,193
,-420,814
,-420
,-984,606
,-984
,-254,-28
,-254
,-739,963
,-739
,224,-937
,-937
,133,439
,133
,864,-154
,-154
,-514,-923
,-923
,187,-680
,-680
,-291,-624
,-624
,621,-73
,-73
,480,-45
,-45
,134,631
,134
,334,943
,334
,1,-991
,-991
,-788,-99
,-788
,-224,-80
,-224
,-726,269
,-726
,697,728
,697
,-112,-700
,-700
,961,-992
,-992
,740,402
,402
,397,-846
,-846
,902,855
,855
,-52,-501
,-501
,-122,403
,-122
,247,-305
,-305
,-345,748
,-345
,-226,210
,-226
,-278,723
,-278
,-762,809
,-762
,-642,-180
,-642
,-603,-392
,-603
,-682,-459
,-682
,796,842
,796
,674,879
,674
,515,-467
,-467
,-383,334
,-383
,794,-182
,-182
,-615,704
,-615
,233,804
,233
,-339,-407
,-407
,518,380
,380
,460,292
,292
,558,595
,558
,-134,496
,-134
,-660,766
,-660
,162,943
,162
,779,375
,375
,-527,-393
,-527
,-543,757
,-543
,987,191
,191
,-786,277
,-786
,-714,-519
,-714
,296,996
,296
,529,-42
,-42
,-688,443
,-688
,206,290
,206
,-326,-351
,-351
,104,-828
,-828
,-150,291
,-150
,-210,-817
,-817
,-110,997
,-110
,669,544
,544
,-537,-739
,-739
,832,137
,137
,-758,300
,-758
,-969,276
,-969
,-645,432
,-645
,-50,264
,-50
,726,873
,726
,903,30
,30
,-792,-813
,-813
,-91,866
,-91
,770,-790
,-790
,128,-344
,-344
,4,-244
,-244
,625,958
,625
,-510,75
,-510
,663,-332
,-332
,-379,-448
,-448
,214,282
,214
,571,-739
,-739
,534,-471
,-471
,267,-78
,-78
,-814,-641
,-814
,-52,485
,-52
,-238,493
,-238
,20,-698
,-698
,811,578
,578
,393,-827
,-827
,-693,-814
,-814
,-958,17
,-958
,733,-125
,-125
,-667,-929
,-929
,-703,503
,-703
,-724,872
,-724
,368,572
,368
,-434,-718
,-718
,-136,271
,-136
,-792,-780
,-792
,-578,112
,-578
,-457,629
,-457
,-1000,-401
,-1000
,-708,-452
,-708
,-809,-401
,-809
,-803,-36
,-803
,123,-3
,-3
,-693,745
,-693
,-942,766
,-942
,303,792
,303
,-507,-185
,-507
,-813,169
,-813
,-251,-304
,-304
,916,-150
,-150
,-217,274
,-217
,-728,-72
,-728
,273,547
,273
,89,693
,89
,-294,963
,-294
,-724,502
,-724
,-283,-783
,-783
,-991,860
,-991
,-671,-90
,-671
,466,861
,466
,-356,506
,-356
,-357,326
,-357
,-16,-678
,-678
,-508,99
,-508
,278,697
,278
,-136,799
,-136
,454,755
,454
,-158,-722
,-722
,941,276
,276
,642,-101
,-101
,-760,-154
,-760
,-784,54
,-784
,-731,-863
,-863
,-992,748
,-992
,128,-962
,-962
,500,554
,500
,52,681
,52
,621,-786
,-786
,-715,-387
,-715
,21,40
,21
,855,-939
,-939
,513,744
,513
,-10,3
,-10
,251,-393
,-393
,545,-514
,-514
,293,651
,293
,833,439
,439
,-732,-878
,-878
,677,73
,73
,-345,585
,-345
,816,-70
,-70
,340,-801
,-801
,715,334
,334
,-402,-502
,-502
,46,422
,46
,419,-881
,-881
,590,383
,383
,512,201
,201
,-257,-947
,-947
,-5,-641
,-641
,372,433
,372
,-380,-841
,-841
,955,-243
,-243
,-199,-697
,-697
,-1000,-221
,-1000
,942,146
,146
,950,-704
,-704
,735,-762
,-762
,207,-533
,-533
,-95,-998
,-998
,991,481
,481
,150,-268
,-268
,-881,-524
,-881
,-204,-747
,-747
,-175,547
,-175
,892,-300
,-300
,309,-973
,-973
,300,-812
,-812
,360,-88
,-88
,513,125
,125
,-635,-615
,-635
,-18,665
,-18
,656,592
,592
,-765,104
,-765
,-159,582
,-159
,603,507
,507
,-372,-575
,-575
,-415,-135
,-415
,442,-528
,-528
,-87,-241
,-241
,341,372
,341
,-116,-94
,-116
,-578,499
,-578
,-24,746
,-24
,89,613
,89
,168,-597
,-597
,-989,766
,-989
,-570,-7
,-570
,205,-113
,-113
,411,41
,41
,504,-413
,-413
,-932,835
,-932
,346,645
,346
,-207,109
,-207
,408,312
,312
,-316,-235
,-316
,-703,-319
,-703
,20,-697
,-697
,477,663
,477
,-798,121
,-798
,266,662
,266
,98,69
,69
,435,-404
,-404
,882,427
,427
,720,52
,52
,-677,-121
,-677
,-379,327
,-379
,628,284
,284
,381,286
,286
,-219,373
,-219
,947,150
,150
,641,165
,165
,-585,886
,-585
,-323,-654
,-654
,647,-559
,-559
,-803,419
,-803
,358,-371
,-371
,586,930
,586
,970,954
,954
,-781,5
,-781
,-75,849
,-75
,-427,-242
,-427
,-79,-168
,-168
,-262,946
,-262
,-828,-643
,-828
,789,830
,789
,73,188
,73
,820,101
,101
,-109,-406
,-406
,-154,-942
,-942
,-716,-615
,-716
,728,482
,482
,-245,326
,-245
,-689,-361
,-689
,991,-568
,-568
,68,-800
,-800
,-501,66
,-501
,-221,205
,-221
,-571,-978
,-978
,680,-538
,-538
,108,-184
,-184
,-391,800
,-391
,771,731
,731
,-349,693
,-349
,777,-213
,-213
,-473,413
,-473
,-933,706
,-933
,864,761
,761
,-818,976
,-818
,116,612
,116
,-702,-387
,-702
,435,-135
,-135
,561,102
,102
,-531,-738
,-738
,896,769
,769
,-433,-347
,-433
,961,-773
,-773
,-883,-375
,-883
,207,423
,207
,46,974
,46
,-604,-438
,-604
,353,-869
,-869
,-529,137
,-529
,-892,651
,-892
,671,-842
,-842
,-769,947
,-769
,-41,795
,-41
,-587,-352
,-587
,524,212
,212
,886,-534
,-534
,-328,346
,-328
,160,521
,160
,-833,943
,-833
,-621,-933
,-933
,372,135
,135
,464,412
,412
,-245,91
,-245
,730,252
,252
,489,-320
,-320
,-455,868
,-455
,90,-740
,-740
,-568,-890
,-890
,-329,244
,-329
,29,-682
,-682
,-381,-626
,-626
,-448,-531
,-531
,839,215
,215
,-621,297
,-621
,-371,-713
,-713
,234,184
,184
,878,-800
,-800
,-39,496
,-39
,-759,-636
,-759
,248,-143
,-143
,64,-1
,-1
,-702,176
,-702
,435,520
,435
,174,-62
,-62
,652,-361
,-361
,-122,-997
,-997
,-494,-333
,-494
,-244,166
,-244
,220,-298
,-298
,38,-178
,-178
,-482,-824
,-824
,369,-148
,-148
,-442,-955
,-955
,266,-349
,-349
,930,-966
,-966
,-221,-366
,-366
,-762,682
,-762
,-790,323
,-790
,-829,457
,-829
,-50,513
,-50
,291,-347
,-347
,-608,451
,-608
,-423,-452
,-452
,-398,79
,-398
,-593,90
,-593
,-171,-26
,-171
,-736,823
,-736
,243,924
,243
,-349,751
,-349
,173,424
,173
,567,-286
,-286
,463,78
,78
,-216,-403
,-403
,-835,771
,-835
,775,-228
,-228
,-393,575
,-393
,298,-322
,-322
,753,-963
,-963
,649,-901
,-901
,-228,917
,-228
,-796,269
,-796
,-315,537
,-315
,747,454
,454
,452,-879
,-879
,807,368
,368
,765,-786
,-786
,-36,-828
,-828
,-178,411
,-178
,-234,-18
,-234
,11,630
,11
,-647,798
,-647
,-276,-677
,-677
,76,-170
,-170
,937,-248
,-248
,873,-654
,-654
,599,-526
,-526
,-209,999
,-209
,-90,358
,-90
,-602,331
,-602
,-813,40
,-813
,-226,660
,-226
,852,-838
,-838
,-88,885
,-88
,-187,125
,-187
,-894,236
,-894
,-294,163
,-294
,-968,-100
,-968
,745,762
,745
,-977,759
,-977
,926,821
,821
,-267,87
,-267
,-786,-689
,-786
,-731,527
,-731
,260,-587
,-587
,-81,880
,-81
,-11,-937
,-937
,-924,-561
,-924
,406,545
,406
,-137,454
,-137
,-457,-682
,-682
,-866,223
,-866
,516,837
,516
,695,636
,636
,-369,205
,-369
,-760,-675
,-760
,682,-148
,-148
,-84,367
,-84
,-717,99
,-717
,-294,-485
,-485
,-83,-722
,-722
,-978,-442
,-978
,-901,-59
,-901
,-620,-4
,-620
,917,-267
,-267
,863,334
,334
,-388,-975
,-975
,353,-962
,-962
,-602,184
,-602
,99,379
,99
,-216,-983
,-983
,331,853
,331
,717,776
,717
,-320,-237
,-320
,319,65
,65
,653,695
,653
,-911,-53
,-911
,196,-369
,-369
,305,-857
,-857
,-425,427
,-425
,-5,321
,-5
,846,893
,846
,-390,-31
,-390
,-931,942
,-931
,519,325
,325
,-708,-330
,-708
,36,27
,27
,-744,-695
,-744
,-530,61
,-530
,-812,344
,-812
,135,-422
,-422
,609,-357
,-357
,785,922
,785
,-251,664
,-251
,-798,-943
,-943
,943,-551
,-551
